Bin Content and Error unit: (Events/[day x 100t x N_h])						
						
Nbins	N_h	Energy 	Width	Content		Error 		Residuals 
     	   	[keV] 	[keV] 	       		     		[(Data-fit)/sigma]
1	92	212.185	2.35242	19.7054		0.183954	19.7054
2	93	214.537	2.35351	16.4255		0.167948	-7.63806
3	94	216.891	2.35459	11.7391		0.141982	-2.67957
4	95	219.245	2.35568	9.34528		0.126681	-4.48962
5	96	221.601	2.35676	6.94799		0.109231	2.53581
6	97	223.958	2.35784	5.40075		0.0963039	1.15585
7	98	226.315	2.35893	4.14201		0.0843378	5.64161
8	99	228.674	2.36001	3.43965		0.0768553	5.59786
9	100	231.034	2.36109	2.39213		0.0640928	2.08495
10	101	233.395	2.36218	1.93534		0.0576495	-0.142287
11	102	235.758	2.36326	1.59876		0.0523972	2.72377
12	103	238.121	2.36434	1.27935		0.0468718	-0.935022
13	104	240.485	2.36543	1.075		0.0429656	1.30002
14	105	242.851	2.36651	0.839735	0.0379741	-1.16186
15	106	245.217	2.36759	0.803673	0.0371498	-1.15331
16	107	247.585	2.36868	0.685183	0.034302	1.78189
17	108	249.953	2.36976	0.589017	0.0318039	0.351498
18	109	252.323	2.37084	0.566693	0.0311954	-0.492734
19	110	254.694	2.37193	0.520327	0.029892	1.02647
20	111	257.066	2.37301	0.49972		0.0292941	0.277978
21	112	259.439	2.37409	0.453354	0.027902	-1.36015
22	113	261.813	2.37518	0.427595	0.0270978	0.297882
23	114	264.188	2.37626	0.386381	0.0257588	-0.696328
24	115	266.565	2.37734	0.425878	0.0270433	1.15527
25	116	268.942	2.37843	0.36234		0.0249445	-0.180746
26	117	271.32	2.37951	0.364057	0.0250035	-0.302257
27	118	273.7	2.38059	0.302236	0.0227819	-1.87669
28	119	276.08	2.38168	0.34345		0.0242856	0.132921
29	120	278.462	2.38276	0.317691	0.0233571	-0.05405
30	121	280.845	2.38384	0.322843	0.0235457	-0.138859
31	122	283.229	2.38493	0.317691	0.0233571	-0.251734
32	123	285.614	2.38601	0.29365		0.022456	-0.631266
33	124	288	2.38709	0.307388	0.0229752	1.01764
34	125	290.387	2.38818	0.302236	0.0227819	1.09174
35	126	292.775	2.38926	0.326278	0.0236707	0.39322
36	127	295.164	2.39034	0.281629	0.0219915	-0.169545
37	128	297.555	2.39143	0.261022	0.0211717	-0.902926
38	129	299.946	2.39251	0.32456		0.0236083	1.65217
39	130	302.338	2.39359	0.276477	0.0217895	0.118008
40	131	304.732	2.39468	0.254153	0.0208913	-0.735782
41	132	307.127	2.39576	0.254153	0.0208913	-0.836866
42	133	309.522	2.39684	0.291933	0.0223902	0.628122
43	134	311.919	2.39793	0.264457	0.0213105	-0.439383
44	135	314.317	2.39901	0.245567	0.0205353	-1.20565
45	136	316.716	2.40009	0.303953	0.0228465	1.23605
46	137	319.116	2.40118	0.283346	0.0220585	-0.23825
47	138	321.518	2.40226	0.291933	0.0223902	0.736807
48	139	323.92	2.40334	0.259305	0.0211019	-1.2193
49	140	326.323	2.40443	0.285064	0.0221252	-0.220701
50	141	328.728	2.40551	0.333147	0.0239185	1.50912
51	142	331.133	2.4066	0.340016	0.0241639	1.13734
52	143	333.54	2.40768	0.271326	0.0215855	-2.08508
53	144	335.947	2.40876	0.364057	0.0250035	1.16497
54	145	338.356	2.40985	0.326278	0.0236707	-1.15649
55	146	340.766	2.41093	0.398402	0.0261564	1.31281
56	147	343.177	2.41201	0.374361	0.0253549	-0.900389
57	148	345.589	2.4131	0.398402	0.0261564	-0.992515
58	149	348.002	2.41418	0.453354	0.027902	-0.636994
59	150	350.416	2.41526	0.465375	0.0282695	-0.688117
60	151	352.831	2.41635	0.564975	0.0311481	0.508044
61	152	355.248	2.41743	0.53063		0.0301865	-1.90518
62	153	357.665	2.41851	0.576996	0.0314777	-2.38235
63	154	360.084	2.4196	0.719528	0.0351512	-0.0996084
64	155	362.503	2.42068	0.825997	0.0376622	0.332497
65	156	364.924	2.42176	0.963377	0.0406738	1.49879
66	157	367.346	2.42285	0.959943	0.0406013	-1.21654
67	158	369.769	2.42393	0.99944		0.0414281	-2.07965
68	159	372.193	2.42501	1.20036		0.0454017	-0.498696
69	160	374.618	2.4261	1.26561		0.0466195	-1.50904
70	161	377.044	2.42718	1.49229		0.0506225	-1.30175
71	162	379.471	2.42826	1.70008		0.054032	0.659219
72	163	381.899	2.42935	1.87695		0.0567732	-0.638413
73	164	384.328	2.43043	2.02807		0.0590145	-0.768994
74	165	386.759	2.43151	2.18606		0.06127		-0.942422
75	166	389.19	2.4326	2.40587		0.0642766	-0.130318
76	167	391.623	2.43368	2.78881		0.0692033	1.0621
77	168	394.057	2.43476	3.05671		0.0724509	1.58361
78	169	396.491	2.43585	3.30055		0.0752853	0.875784
79	170	398.927	2.43693	3.51006		0.0776379	0.373459
80	171	401.364	2.43801	3.65259		0.0791986	-1.41263
81	172	403.802	2.4391	3.89472		0.0817815	-1.31143
82	173	406.241	2.44018	4.34636		0.0863932	-0.249702
83	174	408.681	2.44126	4.44253		0.0873437	-0.381915
84	175	411.123	2.44235	4.77911		0.0905921	-0.715989
85	176	413.565	2.44343	5.11054		0.0936807	-0.493004
86	177	416.009	2.44451	5.30115		0.0954118	-0.2494
87	178	418.453	2.4456	5.50207		0.097203	-0.73065
88	179	420.899	2.44668	5.70814		0.0990066	0.223271
89	180	423.345	2.44776	6.16836		0.10292		-1.02027
90	181	425.793	2.44885	6.44312		0.105188	-0.07523
91	182	428.242	2.44993	6.40363		0.104865	1.80776
92	183	430.692	2.45101	6.55646		0.106109	-1.83031
93	184	433.143	2.4521	6.70243		0.107283	1.59254
94	185	435.595	2.45318	6.69212		0.107201	-0.662482
95	186	438.048	2.45426	6.82092		0.108228	-0.00272571
96	187	440.502	2.45535	6.8295		0.108296	-0.465683
97	188	442.958	2.45643	7.02527		0.109837	-0.385557
98	189	445.414	2.45752	7.21073		0.111277	0.700849
99	190	447.872	2.4586	7.13174		0.110666	0.340035
100	191	450.33	2.45968	6.44999		0.105244	-0.629576
101	192	452.79	2.46077	6.69899		0.107256	0.969797
102	193	455.251	2.46185	6.38645		0.104724	-1.18444
103	194	457.713	2.46293	6.64576		0.106829	1.14042
104	195	460.176	2.46402	6.49807		0.105635	1.21375
105	196	462.64	2.4651	6.24049		0.10352		-0.654653
106	197	465.105	2.46618	6.02755		0.101739	-0.280854
107	198	467.571	2.46727	5.50379		0.0972182	-0.595066
108	199	470.038	2.46835	5.51753		0.0973395	0.744666
109	200	472.506	2.46943	4.58506		0.0887338	-1.78406
110	201	474.976	2.47052	5.47116		0.0969296	1.89578
111	202	477.446	2.4716	5.02296		0.0928745	2.4632
112	203	479.918	2.47268	4.57647		0.0886507	0.0454561
113	204	482.391	2.47377	4.17807		0.0847041	-0.0821753
114	205	484.864	2.47485	3.81916		0.0809843	-0.432908
115	206	487.339	2.47593	3.60107		0.0786381	-0.912336
116	207	489.815	2.47702	3.29025		0.0751677	-0.74592
117	208	492.292	2.4781	3.19752		0.0741009	0.998705
118	209	494.77	2.47918	2.91761		0.0707832	-0.804129
119	210	497.25	2.48027	2.82488		0.0696493	0.919076
120	211	499.73	2.48135	2.4986		0.0655036	0.0530329
121	212	502.211	2.48243	2.30112		0.0628617	0.589721
122	213	504.694	2.48352	2.08474		0.0598333	0.47236
123	214	507.177	2.4846	1.94736		0.0578283	0.765947
124	215	509.662	2.48568	1.80483		0.0556718	0.858338
125	216	512.147	2.48677	1.6726		0.0535936	1.92159
126	217	514.634	2.48785	1.50259		0.0507969	0.900731
127	218	517.122	2.48893	1.34461		0.0480523	0.968447
128	219	519.611	2.49002	1.12308		0.043916	-0.937137
129	220	522.101	2.4911	1.05611		0.0425864	0.240327
130	221	524.592	2.49218	0.920446	0.0397572	-1.47517
131	222	527.084	2.49327	0.848322	0.0381678	-0.971602
132	223	529.578	2.49435	0.801956	0.0371101	0.395615
133	224	532.072	2.49543	0.702355	0.0347292	0.501792
134	225	534.567	2.49652	0.66801		0.0338695	0.524933
135	226	537.064	2.4976	0.56841		0.0312426	-0.594853
136	227	539.561	2.49868	0.542651	0.0305265	0.348303
137	228	542.06	2.49977	0.501437	0.0293444	0.622132
138	229	544.56	2.50085	0.441333	0.0275296	-0.479306
139	230	547.061	2.50193	0.434464	0.0273145	1.15761
140	231	549.563	2.50302	0.417292	0.0267693	1.08119
141	232	552.066	2.5041	0.353754	0.0246472	0.111758
142	233	554.57	2.50518	0.360623	0.0248853	0.947506
143	234	557.075	2.50627	0.300519	0.0227171	-0.338195
144	235	559.581	2.50735	0.314257	0.0232305	0.796626
145	236	562.089	2.50844	0.305671	0.022911	1.19114
146	237	564.597	2.50952	0.267891	0.0214484	-0.294823
147	238	567.107	2.5106	0.291933	0.0223902	1.51058
148	239	569.617	2.51169	0.266174	0.0213796	0.776805
149	240	572.129	2.51277	0.271326	0.0215855	1.53546
150	241	574.642	2.51385	0.249001	0.0206784	0.422834
151	242	577.155	2.51494	0.283346	0.0220585	2.29178
152	243	579.67	2.51602	0.249001	0.0206784	1.15794
153	244	582.186	2.5171	0.233546	0.0200264	0.626932
154	245	584.703	2.51819	0.240415	0.0203188	1.03525
155	246	587.222	2.51927	0.204353	0.018733	-0.724361
156	247	589.741	2.52035	0.242132	0.0203912	1.21545
157	248	592.261	2.52144	0.192332	0.0181737	-0.856325
158	249	594.783	2.52252	0.212939	0.0191225	0.0448592
159	250	597.305	2.5236	0.182029	0.0176802	-0.0303705
160	251	599.829	2.52469	0.223243	0.0195797	0.192533
161	252	602.354	2.52577	0.197484	0.0184155	-0.790375
162	253	604.879	2.52685	0.176877	0.0174282	-1.53226
163	254	607.406	2.52794	0.190615	0.0180924	-0.442969
164	255	609.934	2.52902	0.22496		0.0196548	1.49218
165	256	612.463	2.5301	0.20607		0.0188115	0.253803
166	257	614.993	2.53119	0.195767	0.0183352	-0.110441
167	258	617.524	2.53227	0.180311	0.0175966	-0.698628
168	259	620.057	2.53335	0.182029	0.0176802	-0.691592
169	260	622.59	2.53444	0.18718		0.0179286	-0.348673
170	261	625.124	2.53552	0.199201	0.0184954	0.212237
171	262	627.66	2.5366	0.195767	0.0183352	0.344635
172	263	630.197	2.53769	0.197484	0.0184155	0.558808
173	264	632.734	2.53877	0.157987	0.0164713	-1.92434
174	265	635.273	2.53985	0.154553	0.0162913	-1.87913
175	266	637.813	2.54094	0.154553	0.0162913	-1.88944
176	267	640.354	2.54202	0.199201	0.0184954	0.845203
177	268	642.896	2.5431	0.171725	0.0171725	-0.826896
178	269	645.439	2.54419	0.183746	0.0177634	0.280837
179	270	647.983	2.54527	0.190615	0.0180924	0.813243
180	271	650.528	2.54635	0.17516		0.0173434	0.118956
181	272	653.075	2.54744	0.147684	0.0159251	-1.41545
182	273	655.622	2.54852	0.212939	0.0191225	1.93919
183	274	658.171	2.5496	0.154553	0.0162913	-0.831082
184	275	660.72	2.55069	0.176877	0.0174282	0.839317
185	276	663.271	2.55177	0.15627		0.0163815	-0.469276
186	277	665.823	2.55285	0.164856	0.0168255	0.0882201
187	278	668.376	2.55394	0.149401	0.0160174	-0.675478
188	279	670.93	2.55502	0.140815	0.0155504	-0.880817
189	280	673.485	2.5561	0.142532	0.0156449	-0.61054
190	281	676.041	2.55719	0.157987	0.0164713	0.184457
191	282	678.598	2.55827	0.15627		0.0163815	0.705635
192	283	681.156	2.55936	0.144249	0.0157389	0.0157295
193	284	683.716	2.56044	0.139097	0.0154553	-0.332469
194	285	686.276	2.56152	0.10647		0.0135216	-2.40373
195	286	688.837	2.56261	0.109904	0.013738	-1.547
196	287	691.4	2.56369	0.13738		0.0153596	0.454154
197	288	693.964	2.56477	0.139097	0.0154553	0.444506
198	289	696.529	2.56586	0.142532	0.0156449	1.05929
199	290	699.094	2.56694	0.13738		0.0153596	1.1035
200	291	701.661	2.56802	0.101318	0.0131904	-1.1547
201	292	704.229	2.56911	0.116773	0.0141608	-0.0122562
202	293	706.798	2.57019	0.115056	0.0140563	0.2666
203	294	709.369	2.57127	0.11849		0.0142646	0.774464
204	295	711.94	2.57236	0.096166	0.0128507	-0.615815
205	296	714.512	2.57344	0.0789935	0.011647	-1.98776
206	297	717.086	2.57452	0.109904	0.013738	0.600013
207	298	719.66	2.57561	0.0910143	0.0125018	-0.247723
208	299	722.236	2.57669	0.0721245	0.0111291	-1.64513
209	300	724.813	2.57777	0.0807108	0.0117729	-0.414014
210	301	727.39	2.57886	0.0927315	0.0126192	0.403376
211	302	729.969	2.57994	0.0772763	0.0115197	-0.366881
212	303	732.549	2.58102	0.0789935	0.011647	-0.0429494
213	304	735.13	2.58211	0.0807108	0.0117729	0.426164
214	305	737.712	2.58319	0.075559	0.0113909	0.272471
215	306	740.295	2.58427	0.061821	0.0103035	-0.799139
216	307	742.88	2.58536	0.103035	0.0133018	2.6366
217	308	745.465	2.58644	0.0583865	0.0100132	-0.71628
218	309	748.052	2.58752	0.0635383	0.0104456	0.029918
219	310	750.639	2.58861	0.0515175	0.00940577	-0.918864
220	311	753.228	2.58969	0.0635383	0.0104456	0.439573
221	312	755.817	2.59077	0.0429313	0.00858625	-1.55681
222	313	758.408	2.59186	0.048083	0.00908683	-0.708416
223	314	761	2.59294	0.0515175	0.00940577	-0.0379047
224	315	763.593	2.59402	0.0463658	0.00892309	-0.431035
225	316	766.187	2.59511	0.0429313	0.00858625	-0.477684
226	317	768.782	2.59619	0.048083	0.00908683	0.126901
227	318	771.378	2.59727	0.0394968	0.00823564	-0.584903
228	319	773.976	2.59836	0.0498003	0.00924768	0.813816
229	320	776.574	2.59944	0.0532348	0.00956124	1.19419
230	321	779.173	2.60052	0.0429313	0.00858625	0.114954
231	322	781.774	2.60161	0.034345	0.00767978	-0.465393
232	323	784.375	2.60269	0.034345	0.00767978	-0.3848
233	324	786.978	2.60377	0.0326278	0.00748532	-0.515052
234	325	789.582	2.60486	0.0377795	0.00805462	0.411955
235	326	792.187	2.60594	0.027476	0.006869	-1.15173
236	327	794.793	2.60702	0.0463658	0.00892309	1.36212
237	328	797.4	2.60811	0.0291933	0.0070804	-0.502616
238	329	800.008	2.60919	0.048083	0.00908683	1.82983
239	330	802.617	2.61028	0.027476	0.006869	-0.581645
240	331	805.227	2.61136	0.0377795	0.00805462	0.796964
241	332	807.839	2.61244	0.0240415	0.00642536	-0.816044
242	333	810.451	2.61353	0.0360623	0.00786943	1.00533
243	334	813.065	2.61461	0.0257588	0.00665088	-0.357139
244	335	815.679	2.61569	0.0377795	0.00805462	1.11863
245	336	818.295	2.61678	0.0240415	0.00642536	-0.575944
246	337	820.912	2.61786	0.034345	0.00767978	0.872585
247	338	823.53	2.61894	0.034345	0.00767978	1.02483
248	339	826.149	2.62003	0.0326278	0.00748532	0.878932
249	340	828.769	2.62111	0.0257588	0.00665088	-0.0398689
250	341	831.39	2.62219	0.0257588	0.00665088	0.00690822
251	342	834.012	2.62328	0.0240415	0.00642536	-0.0524045
252	343	836.635	2.62436	0.027476	0.006869	0.463375
253	344	839.259	2.62544	0.0240415	0.00642536	0.0176494
254	345	841.885	2.62653	0.034345	0.00767978	1.25789
255	346	844.511	2.62761	0.0240415	0.00642536	-0.019128
256	347	847.139	2.62869	0.0188898	0.00569547	-0.770929
257	348	849.768	2.62978	0.0291933	0.0070804	0.860427
258	349	852.398	2.63086	0.027476	0.006869	0.604166
259	350	855.028	2.63194	0.0291933	0.0070804	0.963498
260	351	857.66	2.63303	0.0154553	0.00515175	-1.39359
261	352	860.293	2.63411	0.0240415	0.00642536	0.19532
262	353	862.927	2.63519	0.0103035	0.00420639	-2.77992
263	354	865.563	2.63628	0.0188898	0.00569547	-0.610533
264	355	868.199	2.63736	0.020607	0.00594873	-0.381887
265	356	870.836	2.63844	0.0171725	0.00543042	-0.767757
266	357	873.475	2.63953	0.0171725	0.00543042	-0.654939
267	358	876.114	2.64061	0.020607	0.00594873	-0.0454563
268	359	878.755	2.64169	0.0257588	0.00665088	0.717289
269	360	881.397	2.64278	0.027476	0.006869	0.889107
270	361	884.039	2.64386	0.0154553	0.00515175	-1.06248
271	362	886.683	2.64494	0.0223243	0.00619163	0.270378
272	363	889.328	2.64603	0.0188898	0.00569547	-0.427678
273	364	891.974	2.64711	0.0120208	0.00454342	-1.94906
274	365	894.621	2.64819	0.0171725	0.00543042	-0.524927
275	366	897.269	2.64928	0.013738	0.00485712	-1.45035
276	367	899.919	2.65036	0.0103035	0.00420639	-2.21024
277	368	902.569	2.65144	0.0154553	0.00515175	-0.721097
278	369	905.221	2.65253	0.0188898	0.00569547	-0.0955548
279	370	907.873	2.65361	0.0120208	0.00454342	-1.65013
280	371	910.527	2.65469	0.0154553	0.00515175	-0.731794
281	372	913.181	2.65578	0.020607	0.00594873	0.0811195
282	373	915.837	2.65686	0.0188898	0.00569547	-0.281604
283	374	918.494	2.65794	0.020607	0.00594873	0.33795
284	375	921.152	2.65903	0.013738	0.00485712	-0.850637
285	376	923.811	2.66011	0.027476	0.006869	1.15095
286	377	926.471	2.6612	0.0257588	0.00665088	0.99143
287	378	929.132	2.66228	0.00858625	0.00383989	-2.70317
288	379	931.795	2.66336	0.0240415	0.00642536	0.863872
289	380	934.458	2.66445	0.0188898	0.00569547	0.103075
290	381	937.122	2.66553	0.0223243	0.00619163	0.663758
291	382	939.788	2.66661	0.0120208	0.00454342	-1.27147
292	383	942.455	2.6677	0.0103035	0.00420639	-1.85834
293	384	945.122	2.66878	0.0154553	0.00515175	-0.58638
294	385	947.791	2.66986	0.0223243	0.00619163	0.655918
295	386	950.461	2.67095	0.0154553	0.00515175	-0.521817
296	387	953.132	2.67203	0.020607	0.00594873	0.399598
297	388	955.804	2.67311	0.0188898	0.00569547	0.137148
298	389	958.477	2.6742	0.013738	0.00485712	-0.821753
299	390	961.151	2.67528	0.013738	0.00485712	-0.831831
300	391	963.826	2.67636	0.00858625	0.00383989	-2.57088
301	392	966.503	2.67745	0.0171725	0.00543042	-0.135629
302	393	969.18	2.67853	0.00515175	0.00297436	-4.17574
303	394	971.859	2.67961	0.0103035	0.00420639	-1.70265
304	395	974.538	2.6807	0.0103035	0.00420639	-1.83032
305	396	977.219	2.68178	0.020607	0.00594873	0.483435
306	397	979.901	2.68286	0.0154553	0.00515175	-0.373205
307	398	982.584	2.68395	0.0154553	0.00515175	-0.444941
308	399	985.268	2.68503	0.020607	0.00594873	0.443079
309	400	987.953	2.68611	0.0103035	0.00420639	-1.17406
310	401	990.639	2.6872	0.0257588	0.00665088	0.905633
311	402	993.326	2.68828	0.0154553	0.00515175	-0.398059
312	403	996.014	2.68936	0.0171725	0.00543042	-0.13379
313	404	998.704	2.69045	0.00858625	0.00383989	-2.4405
314	405	1001.39	2.69153	0.013738	0.00485712	-0.795245
315	406	1004.09	2.69261	0.0188898	0.00569547	0.14609
316	407	1006.78	2.6937	0.0171725	0.00543042	-0.207297
317	408	1009.47	2.69478	0.013738	0.00485712	-0.777297
318	409	1012.17	2.69586	0.0188898	0.00569547	0.183611
319	410	1014.86	2.69695	0.0171725	0.00543042	-0.0671625
320	411	1017.56	2.69803	0.027476	0.006869	1.40176
321	412	1020.26	2.69911	0.0103035	0.00420639	-1.65764
322	413	1022.96	2.7002	0.0188898	0.00569547	0.203517
323	414	1025.66	2.70128	0.020607	0.00594873	0.419441
324	415	1028.36	2.70236	0.0240415	0.00642536	0.948892
325	416	1031.06	2.70345	0.0154553	0.00515175	-0.410892
326	417	1033.76	2.70453	0.0240415	0.00642536	0.973914
327	418	1036.47	2.70561	0.0240415	0.00642536	1.02679
328	419	1039.17	2.7067	0.0223243	0.00619163	0.656377
329	420	1041.88	2.70778	0.0188898	0.00569547	0.168561
330	421	1044.59	2.70886	0.0120208	0.00454342	-1.34044
331	422	1047.3	2.70995	0.0291933	0.0070804	1.63867
332	423	1050.01	2.71103	0.0120208	0.00454342	-1.25684
333	424	1052.72	2.71211	0.0188898	0.00569547	0.11002
334	425	1055.43	2.7132	0.0154553	0.00515175	-0.382854
335	426	1058.14	2.71428	0.013738	0.00485712	-0.954617
336	427	1060.86	2.71537	0.0223243	0.00619163	0.713094
337	428	1063.57	2.71645	0.013738	0.00485712	-0.867733
338	429	1066.29	2.71753	0.0188898	0.00569547	0.136677
339	430	1069.01	2.71862	0.0171725	0.00543042	-0.155453
340	431	1071.73	2.7197	0.0309105	0.00728568	1.79832
341	432	1074.45	2.72078	0.0257588	0.00665088	1.23324
342	433	1077.17	2.72187	0.0171725	0.00543042	-0.11614
343	434	1079.89	2.72295	0.0309105	0.00728568	1.73088
344	435	1082.61	2.72403	0.0171725	0.00543042	-0.121801
345	436	1085.34	2.72512	0.027476	0.006869	1.39521
346	437	1088.06	2.7262	0.020607	0.00594873	0.381836
347	438	1090.79	2.72728	0.0188898	0.00569547	0.206813
348	439	1093.51	2.72837	0.027476	0.006869	1.36529
349	440	1096.24	2.72945	0.0120208	0.00454342	-1.15138
350	441	1098.97	2.73053	0.013738	0.00485712	-1.06866
351	442	1101.7	2.73162	0.0257588	0.00665088	1.18584
352	443	1104.43	2.7327	0.0188898	0.00569547	0.200253
353	444	1107.17	2.73378	0.0103035	0.00420639	-1.82031
354	445	1109.9	2.73487	0.020607	0.00594873	0.364485
355	446	1112.64	2.73595	0.0223243	0.00619163	0.722229
356	447	1115.37	2.73703	0.0223243	0.00619163	0.66667
357	448	1118.11	2.73812	0.020607	0.00594873	0.487796
358	449	1120.85	2.7392	0.0120208	0.00454342	-1.37643
359	450	1123.59	2.74028	0.020607	0.00594873	0.33354
360	451	1126.33	2.74137	0.0120208	0.00454342	-1.33416
361	452	1129.07	2.74245	0.0171725	0.00543042	-0.228946
362	453	1131.81	2.74353	0.020607	0.00594873	0.339437
363	454	1134.55	2.74462	0.00858625	0.00383989	-2.46995
364	455	1137.3	2.7457	0.00858625	0.00383989	-2.40911
365	456	1140.04	2.74678	0.0240415	0.00642536	0.917022
366	457	1142.79	2.74787	0.0188898	0.00569547	0.0579311
367	458	1145.54	2.74895	0.0154553	0.00515175	-0.534904
368	459	1148.29	2.75003	0.0240415	0.00642536	0.883632
369	460	1151.04	2.75112	0.020607	0.00594873	0.385175
370	461	1153.79	2.7522	0.0188898	0.00569547	0.12639
371	462	1156.54	2.75328	0.0171725	0.00543042	-0.226154
372	463	1159.29	2.75437	0.0240415	0.00642536	0.915257
373	464	1162.05	2.75545	0.0103035	0.00420639	-1.9542
374	465	1164.8	2.75653	0.013738	0.00485712	-0.926101
375	466	1167.56	2.75762	0.013738	0.00485712	-0.813769
376	467	1170.32	2.7587	0.0240415	0.00642536	0.892451
377	468	1173.08	2.75978	0.0240415	0.00642536	1.01467
378	469	1175.84	2.76087	0.0188898	0.00569547	0.169466
379	470	1178.6	2.76195	0.0223243	0.00619163	0.669042
380	471	1181.36	2.76303	0.0103035	0.00420639	-1.93074
381	472	1184.12	2.76412	0.0223243	0.00619163	0.658331
382	473	1186.89	2.7652	0.0223243	0.00619163	0.643168
383	474	1189.65	2.76629	0.013738	0.00485712	-0.984435
384	475	1192.42	2.76737	0.0120208	0.00454342	-1.23165
385	476	1195.19	2.76845	0.0223243	0.00619163	0.701753
386	477	1197.95	2.76954	0.0171725	0.00543042	-0.114138
387	478	1200.72	2.77062	0.0188898	0.00569547	0.0728048
388	479	1203.49	2.7717	0.0154553	0.00515175	-0.494915
389	480	1206.27	2.77279	0.0257588	0.00665088	1.25
390	481	1209.04	2.77387	0.0326278	0.00748532	1.90086
391	482	1211.81	2.77495	0.0188898	0.00569547	0.120142
392	483	1214.59	2.77604	0.0188898	0.00569547	0.218368
393	484	1217.36	2.77712	0.0120208	0.00454342	-1.35149
394	485	1220.14	2.7782	0.0188898	0.00569547	0.221094
395	486	1222.92	2.77929	0.0188898	0.00569547	0.060871
396	487	1225.7	2.78037	0.0120208	0.00454342	-1.26978
397	488	1228.48	2.78145	0.0103035	0.00420639	-1.51196
398	489	1231.26	2.78254	0.0154553	0.00515175	-0.477549
399	490	1234.04	2.78362	0.013738	0.00485712	-0.736112
400	491	1236.83	2.7847	0.0188898	0.00569547	0.291979
401	492	1239.61	2.78579	0.0188898	0.00569547	0.174316
402	493	1242.4	2.78687	0.0223243	0.00619163	0.726404
403	494	1245.18	2.78795	0.0188898	0.00569547	0.306327
404	495	1247.97	2.78904	0.0309105	0.00728568	1.85631
405	496	1250.76	2.79012	0.020607	0.00594873	0.603274
406	497	1253.55	2.7912	0.020607	0.00594873	0.441376
407	498	1256.34	2.79229	0.0120208	0.00454342	-1.23768
408	499	1259.13	2.79337	0.0188898	0.00569547	0.414504
409	500	1261.93	2.79445	0.0120208	0.00454342	-0.519873
410	501	1264.72	2.79554	0.0188898	0.00569547	-0.154839
411	502	1267.52	2.79662	0.0171725	0.00543042	0.22077
412	503	1270.31	2.7977	0.0171725	0.00543042	0.0434096
413	504	1273.11	2.79879	0.0103035	0.00420639	-1.50342
414	505	1275.91	2.79987	0.013738	0.00485712	-0.617008
415	506	1278.71	2.80095	0.0188898	0.00569547	0.469013
416	507	1281.51	2.80204	0.0103035	0.00420639	-1.37732
417	508	1284.31	2.80312	0.013738	0.00485712	-0.609134
418	509	1287.12	2.8042	0.0171725	0.00543042	0.199479
419	510	1289.92	2.80529	0.013738	0.00485712	-0.516892
420	511	1292.73	2.80637	0.0240415	0.00642536	1.36838
421	512	1295.53	2.80745	0.0120208	0.00454342	-0.880862
422	513	1298.34	2.80854	0.0171725	0.00543042	0.227727
423	514	1301.15	2.80962	0.0103035	0.00420639	-1.4227
424	515	1303.96	2.8107	0.0171725	0.00543042	0.324634
425	516	1306.77	2.81179	0.0223243	0.00619163	1.03554
426	517	1309.58	2.81287	0.0120208	0.00454342	-0.926375
427	518	1312.39	2.81395	0.020607	0.00594873	0.811721
428	519	1315.21	2.81504	0.0154553	0.00515175	-0.0331779
429	520	1318.02	2.81612	0.006869	0.0034345	-2.48362
430	521	1320.84	2.81721	0.0171725	0.00543042	0.347126
431	522	1323.66	2.81829	0.013738	0.00485712	-0.33872
432	523	1326.47	2.81937	0.013738	0.00485712	-0.297952
433	524	1329.29	2.82046	0.0171725	0.00543042	0.311491
434	525	1332.11	2.82154	0.0120208	0.00454342	-0.607535
435	526	1334.93	2.82262	0.00858625	0.00383989	-1.83395
436	527	1337.76	2.82371	0.013738	0.00485712	-0.29473
437	528	1340.58	2.82479	0.0171725	0.00543042	0.502686
438	529	1343.41	2.82587	0.0120208	0.00454342	-0.693369
439	530	1346.23	2.82696	0.0188898	0.00569547	0.764429
440	531	1349.06	2.82804	0.013738	0.00485712	-0.0897894
441	532	1351.89	2.82912	0.0154553	0.00515175	0.15239
442	533	1354.72	2.83021	0.0154553	0.00515175	0.169019
443	534	1357.55	2.83129	0.0154553	0.00515175	0.208687
444	535	1360.38	2.83237	0.013738	0.00485712	-0.0920517
445	536	1363.21	2.83346	0.0188898	0.00569547	0.700662
446	537	1366.04	2.83454	0.00858625	0.00383989	-1.42004
447	538	1368.88	2.83562	0.020607	0.00594873	1.09256
448	539	1371.71	2.83671	0.0257588	0.00665088	1.81155
449	540	1374.55	2.83779	0.013738	0.00485712	-0.0473125
450	541	1377.39	2.83887	0.0120208	0.00454342	-0.467665
451	542	1380.23	2.83996	0.0240415	0.00642536	1.56423
452	543	1383.07	2.84104	0.0103035	0.00420639	-0.821504
453	544	1385.91	2.84212	0.00858625	0.00383989	-1.29433
454	545	1388.75	2.84321	0.013738	0.00485712	-0.0595155
455	546	1391.59	2.84429	0.006869	0.0034345	-1.77415
456	547	1394.44	2.84537	0.00515175	0.00297436	-2.63316
457	548	1397.28	2.84646	0.013738	0.00485712	0.185478
458	549	1400.13	2.84754	0.0120208	0.00454342	-0.376598
459	550	1402.98	2.84862	0.0120208	0.00454342	-0.216846
460	551	1405.83	2.84971	0.0154553	0.00515175	0.395384
461	552	1408.68	2.85079	0.013738	0.00485712	0.216109
462	553	1411.53	2.85187	0.0171725	0.00543042	0.733923
463	554	1414.38	2.85296	0.0223243	0.00619163	1.47444
464	555	1417.23	2.85404	0.0120208	0.00454342	-0.109427
465	556	1420.08	2.85512	0.0120208	0.00454342	-0.341576
466	557	1422.94	2.85621	0.00515175	0.00297436	-2.61217
467	558	1425.8	2.85729	0.0103035	0.00420639	-0.548569
468	559	1428.65	2.85837	0.0120208	0.00454342	-0.134159
469	560	1431.51	2.85946	0.00515175	0.00297436	-2.31224
470	561	1434.37	2.86054	0.0154553	0.00515175	0.507743
471	562	1437.23	2.86162	0.013738	0.00485712	0.245021
472	563	1440.09	2.86271	0.0120208	0.00454342	-0.0911963
473	564	1442.96	2.86379	0.0154553	0.00515175	0.567375
474	565	1445.82	2.86487	0.0223243	0.00619163	1.68054
475	566	1448.68	2.86596	0.0171725	0.00543042	0.859188
476	567	1451.55	2.86704	0.0154553	0.00515175	0.664041
477	568	1454.42	2.86813	0.013738	0.00485712	0.317656
478	569	1457.29	2.86921	0.0154553	0.00515175	0.631435
479	570	1460.16	2.87029	0.00515175	0.00297436	-2.29349
480	571	1463.03	2.87138	0.0034345	0.00242856	-3.63377
481	572	1465.9	2.87246	0.013738	0.00485712	0.299206
482	573	1468.77	2.87354	0.0120208	0.00454342	0.0906046
483	574	1471.64	2.87463	0.0154553	0.00515175	0.754203
484	575	1474.52	2.87571	0.013738	0.00485712	0.493286
485	576	1477.39	2.87679	0.006869	0.0034345	-1.34401
486	577	1480.27	2.87788	0.00171725	0.00171725	-5.43689
487	578	1483.15	2.87896	0.006869	0.0034345	-1.29846
488	579	1486.03	2.88004	0.013738	0.00485712	0.63889
489	580	1488.91	2.88113	0.013738	0.00485712	0.417759
490	581	1491.79	2.88221	0.00858625	0.00383989	-0.65299
491	582	1494.67	2.88329	0.00858625	0.00383989	-0.551888
492	583	1497.55	2.88438	0.0171725	0.00543042	1.10718
493	584	1500.44	2.88546	0.0103035	0.00420639	-0.0333012
494	585	1503.32	2.88654	0.006869	0.0034345	-0.9876
495	586	1506.21	2.88763	0.006869	0.0034345	-1.18199
496	587	1509.1	2.88871	0.0103035	0.00420639	-0.186689
497	588	1511.99	2.88979	0.006869	0.0034345	-1.14245
498	589	1514.88	2.89088	0.0188898	0.00569547	1.41513
499	590	1517.77	2.89196	0.00515175	0.00297436	-2.07669
500	591	1520.66	2.89304	0.0120208	0.00454342	0.385069
501	592	1523.55	2.89413	0.013738	0.00485712	0.747228
502	593	1526.45	2.89521	0.00515175	0.00297436	-1.82391
503	594	1529.34	2.89629	0.0103035	0.00420639	0.0629703
504	595	1532.24	2.89738	0.006869	0.0034345	-0.986641
505	596	1535.13	2.89846	0.0034345	0.00242856	-2.79621
506	597	1538.03	2.89954	0.0103035	0.00420639	0.133639
507	598	1540.93	2.90063	0.00858625	0.00383989	-0.284499
508	599	1543.83	2.90171	0.0120208	0.00454342	0.482227
509	600	1546.74	2.90279	0.00858625	0.00383989	-0.241849
510	601	1549.64	2.90388	0.00858625	0.00383989	-0.471657
511	602	1552.54	2.90496	0.0188898	0.00569547	1.59702
512	603	1555.45	2.90604	0.0154553	0.00515175	1.11637
513	604	1558.35	2.90713	0.0034345	0.00242856	-2.47037
514	605	1561.26	2.90821	0.013738	0.00485712	0.836605
515	606	1564.17	2.90929	0.0034345	0.00242856	-2.47135
516	607	1567.08	2.91038	0.0034345	0.00242856	-2.4287
517	608	1569.99	2.91146	0.006869	0.0034345	-0.679687
518	609	1572.9	2.91254	0.0103035	0.00420639	0.0483306
519	610	1575.81	2.91363	0.006869	0.0034345	-0.771556
520	611	1578.73	2.91471	0.0034345	0.00242856	-2.18794
521	612	1581.64	2.91579	0.0154553	0.00515175	1.34201
522	613	1584.56	2.91688	0.0103035	0.00420639	0.213462
523	614	1587.47	2.91796	0.006869	0.0034345	-0.640123
524	615	1590.39	2.91905	0.00515175	0.00297436	-1.27191
525	616	1593.31	2.92013	0.00515175	0.00297436	-1.36551
526	617	1596.23	2.92121	0.00858625	0.00383989	-0.168875
527	618	1599.15	2.9223	0.0103035	0.00420639	0.369879
528	619	1602.07	2.92338	0.013738	0.00485712	1.059
529	620	1605	2.92446	0.0034345	0.00242856	-2.32242
530	621	1607.92	2.92555	0.0034345	0.00242856	-2.27297
531	622	1610.85	2.92663	0.0034345	0.00242856	-1.90893
532	623	1613.77	2.92771	0.013738	0.00485712	1.07691
533	624	1616.7	2.9288	0.0103035	0.00420639	0.511697
534	625	1619.63	2.92988	0.006869	0.0034345	-0.25678
535	626	1622.56	2.93096	0.00858625	0.00383989	0.125437
536	627	1625.49	2.93205	0.00858625	0.00383989	0.0808423
537	628	1628.42	2.93313	0.0034345	0.00242856	-1.97237
538	629	1631.36	2.93421	0.006869	0.0034345	-0.478238
539	630	1634.29	2.9353	0.0120208	0.00454342	0.807432
540	631	1637.23	2.93638	0.006869	0.0034345	-0.330867
541	632	1640.16	2.93746	0.006869	0.0034345	-0.353475
542	633	1643.1	2.93855	0.00858625	0.00383989	0.26359
543	634	1646.04	2.93963	0.0171725	0.00543042	1.7332
544	635	1648.98	2.94071	0.0034345	0.00242856	-1.77257
545	636	1651.92	2.9418	0.0034345	0.00242856	-1.89524
546	637	1654.86	2.94288	0.0034345	0.00242856	-1.56319
547	638	1657.8	2.94396	0.006869	0.0034345	-0.191724
548	639	1660.75	2.94505	0.00171725	0.00171725	-3.73031
549	640	1663.69	2.94613	0.0034345	0.00242856	-1.72719
550	641	1666.64	2.94721	0.006869	0.0034345	-0.530572
551	642	1669.59	2.9483	0.0154553	0.00515175	1.65044
552	643	1672.53	2.94938	0.0034345	0.00242856	-1.74944
553	644	1675.48	2.95046	0.0154553	0.00515175	1.67365
554	645	1678.43	2.95155	0.0034345	0.00242856	-1.36192
555	646	1681.38	2.95263	0.00858625	0.00383989	0.351865
556	647	1684.34	2.95371	0.00171725	0.00171725	-3.07499
557	648	1687.29	2.9548	0.00515175	0.00297436	-0.50493
558	649	1690.25	2.95588	0.00858625	0.00383989	0.362761
559	650	1693.2	2.95696	0.0103035	0.00420639	0.672704
560	651	1696.16	2.95805	0.00858625	0.00383989	0.318036
561	652	1699.12	2.95913	0.0103035	0.00420639	0.876996
562	653	1702.08	2.96021	0.0120208	0.00454342	1.1694
563	654	1705.04	2.9613	0.00858625	0.00383989	0.189527
564	655	1708	2.96238	0.006869	0.0034345	0.110976
565	656	1710.96	2.96346	0.00858625	0.00383989	0.559056
566	657	1713.92	2.96455	0.00858625	0.00383989	0.330706
567	658	1716.89	2.96563	0.006869	0.0034345	0.0867692
568	659	1719.85	2.96671	0.00171725	0.00171725	-2.53968
569	660	1722.82	2.9678	0.00515175	0.00297436	-0.400973
570	661	1725.79	2.96888	0.006869	0.0034345	0.113777
571	662	1728.76	2.96997	0.00515175	0.00297436	-0.235983
572	663	1731.73	2.97105	0.006869	0.0034345	0.304668
573	664	1734.7	2.97213	0.00515175	0.00297436	-0.360795
574	665	1737.67	2.97322	0.0103035	0.00420639	1.0631
575	666	1740.64	2.9743	0.0034345	0.00242856	-1.24911
576	667	1743.62	2.97538	0.00515175	0.00297436	0.144488
577	668	1746.59	2.97647	0.006869	0.0034345	0.0859528
578	669	1749.57	2.97755	0.00171725	0.00171725	-2.58261
579	670	1752.55	2.97863	0.00515175	0.00297436	-0.488298
580	671	1755.53	2.97972	0.006869	0.0034345	0.00564591
581	672	1758.51	2.9808	0.00858625	0.00383989	0.683858
582	673	1761.49	2.98188	0.0103035	0.00420639	0.960968
583	674	1764.47	2.98297	0.006869	0.0034345	0.282433
584	675	1767.45	2.98405	0.00515175	0.00297436	-0.239328
585	676	1770.44	2.98513	0.006869	0.0034345	0.432222
586	677	1773.42	2.98622	0.0171725	0.00543042	2.08933
587	678	1776.41	2.9873	0.0223243	0.00619163	2.71124
588	679	1779.39	2.98838	0.0034345	0.00242856	-0.974462
589	680	1782.38	2.98947	0.00515175	0.00297436	-0.091648
590	681	1785.37	2.99055	0.00515175	0.00297436	-0.127798
591	682	1788.36	2.99163	0.006869	0.0034345	0.43497
592	683	1791.35	2.99272	0.0034345	0.00242856	-0.9209
593	684	1794.35	2.9938	0.013738	0.00485712	1.59657
594	685	1797.34	2.99488	0.00171725	0.00171725	-2.18042
595	686	1800.34	2.99597	0.0034345	0.00242856	-0.680577
596	687	1803.33	2.99705	0.0034345	0.00242856	-0.831939
597	688	1806.33	2.99813	0.00171725	0.00171725	-2.07868
598	689	1809.33	2.99922	0		0		0
599	690	1812.33	3.0003	0.00515175	0.00297436	0.0434132
600	691	1815.33	3.00138	0.00858625	0.00383989	0.84726
601	692	1818.33	3.00247	0.00858625	0.00383989	0.852347
602	693	1821.33	3.00355	0.0034345	0.00242856	-0.549853
603	694	1824.33	3.00463	0.00515175	0.00297436	0.0391844
604	695	1827.34	3.00572	0.0034345	0.00242856	-0.600906
605	696	1830.34	3.0068	0.0034345	0.00242856	-0.967137
606	697	1833.35	3.00788	0.013738	0.00485712	1.87627
607	698	1836.36	3.00897	0.00171725	0.00171725	-1.98736
608	699	1839.37	3.01005	0.00515175	0.00297436	-0.0411967
609	700	1842.38	3.01113	0.0103035	0.00420639	1.18703
610	701	1845.39	3.01222	0.00515175	0.00297436	-0.239655
611	702	1848.4	3.0133	0.00515175	0.00297436	-0.0307991
612	703	1851.41	3.01438	0.0034345	0.00242856	-0.840253
613	704	1854.43	3.01547	0.00515175	0.00297436	-0.111094
614	705	1857.44	3.01655	0.006869	0.0034345	0.186018
615	706	1860.46	3.01763	0.00515175	0.00297436	-0.0288632
616	707	1863.48	3.01872	0.00171725	0.00171725	-2.35988
617	708	1866.5	3.0198	0.00171725	0.00171725	-1.58111
618	709	1869.52	3.02089	0.0103035	0.00420639	1.22023
619	710	1872.54	3.02197	0.006869	0.0034345	0.684231
620	711	1875.56	3.02305	0.0034345	0.00242856	-0.657645
621	712	1878.58	3.02414	0.00515175	0.00297436	0.109825
622	713	1881.61	3.02522	0.00515175	0.00297436	0.0429577
623	714	1884.63	3.0263	0.00515175	0.00297436	-0.124158
624	715	1887.66	3.02739	0.00515175	0.00297436	-0.0721778
625	716	1890.69	3.02847	0.006869	0.0034345	0.615026
626	717	1893.71	3.02955	0.0120208	0.00454342	1.58784
627	718	1896.74	3.03064	0.0103035	0.00420639	1.12256
628	719	1899.77	3.03172	0.00171725	0.00171725	-2.80645
629	720	1902.81	3.0328	0.00515175	0.00297436	0.151199
630	721	1905.84	3.03389	0.00171725	0.00171725	-2.02918
631	722	1908.87	3.03497	0.0034345	0.00242856	-0.568855
632	723	1911.91	3.03605	0.006869	0.0034345	0.499047
633	724	1914.94	3.03714	0.006869	0.0034345	0.353356
634	725	1917.98	3.03822	0.006869	0.0034345	0.341869
635	726	1921.02	3.0393	0.00171725	0.00171725	-1.88039
636	727	1924.06	3.04039	0.00171725	0.00171725	-2.22016
637	728	1927.1	3.04147	0.0034345	0.00242856	-0.85362
638	729	1930.14	3.04255	0.0034345	0.00242856	-1.34608
639	730	1933.18	3.04364	0.00171725	0.00171725	-2.29683
640	731	1936.23	3.04472	0.00515175	0.00297436	-0.170536
641	732	1939.27	3.0458	0.0034345	0.00242856	-1.2564
642	733	1942.32	3.04689	0.00858625	0.00383989	0.714487
643	734	1945.36	3.04797	0.006869	0.0034345	0.505158
644	735	1948.41	3.04905	0		0		0
645	736	1951.46	3.05014	0.00171725	0.00171725	-2.38913
646	737	1954.51	3.05122	0.00515175	0.00297436	-0.360876
647	738	1957.56	3.0523	0.00858625	0.00383989	0.953261
648	739	1960.61	3.05339	0.00858625	0.00383989	0.734232
649	740	1963.67	3.05447	0.00858625	0.00383989	0.708038
650	741	1966.72	3.05555	0.00858625	0.00383989	0.562289
651	742	1969.78	3.05664	0.006869	0.0034345	0.29159
652	743	1972.83	3.05772	0.0103035	0.00420639	1.10863
653	744	1975.89	3.0588	0.013738	0.00485712	1.56812
654	745	1978.95	3.05989	0.0034345	0.00242856	-1.12718
655	746	1982.01	3.06097	0.0120208	0.00454342	1.3936
656	747	1985.07	3.06205	0.0034345	0.00242856	-1.14626
657	748	1988.13	3.06314	0.00515175	0.00297436	-0.609198
658	749	1991.2	3.06422	0.0034345	0.00242856	-0.931235
659	750	1994.26	3.0653	0.00171725	0.00171725	-2.298
660	751	1997.33	3.06639	0.006869	0.0034345	0.153251
661	752	2000.39	3.06747	0.00858625	0.00383989	0.575117
662	753	2003.46	3.06855	0.00858625	0.00383989	0.373701
663	754	2006.53	3.06964	0.006869	0.0034345	0.017483
664	755	2009.6	3.07072	0.0034345	0.00242856	-1.09469
665	756	2012.67	3.07181	0.00515175	0.00297436	-0.34959
666	757	2015.74	3.07289	0.00515175	0.00297436	-0.492744
667	758	2018.81	3.07397	0.00858625	0.00383989	0.66997
668	759	2021.89	3.07506	0.0034345	0.00242856	-0.960602
669	760	2024.96	3.07614	0.0103035	0.00420639	0.825451
670	761	2028.04	3.07722	0.00515175	0.00297436	-0.631732
671	762	2031.12	3.07831	0.00515175	0.00297436	-0.504854
672	763	2034.19	3.07939	0.00858625	0.00383989	0.573494
673	764	2037.27	3.08047	0.00858625	0.00383989	0.801135
674	765	2040.35	3.08156	0.0034345	0.00242856	-1.13291
675	766	2043.44	3.08264	0.0034345	0.00242856	-1.6067
676	767	2046.52	3.08372	0.0034345	0.00242856	-1.25893
677	768	2049.6	3.08481	0.006869	0.0034345	0.20921
678	769	2052.69	3.08589	0.0034345	0.00242856	-0.930018
679	770	2055.77	3.08697	0.00858625	0.00383989	0.497904
680	771	2058.86	3.08806	0.006869	0.0034345	0.369599
681	772	2061.95	3.08914	0.0103035	0.00420639	0.83418
682	773	2065.04	3.09022	0.013738	0.00485712	1.52815
683	774	2068.13	3.09131	0.0103035	0.00420639	0.941225
684	775	2071.22	3.09239	0.00515175	0.00297436	-0.408576
685	776	2074.31	3.09347	0.00171725	0.00171725	-2.8856
686	777	2077.4	3.09456	0.00858625	0.00383989	0.737456
687	778	2080.5	3.09564	0.00515175	0.00297436	-0.57028
688	779	2083.59	3.09672	0.00515175	0.00297436	-0.519371
689	780	2086.69	3.09781	0.0034345	0.00242856	-1.56774
690	781	2089.79	3.09889	0.00858625	0.00383989	0.384277
691	782	2092.89	3.09997	0.0103035	0.00420639	0.833444
692	783	2095.99	3.10106	0.00858625	0.00383989	0.296899
693	784	2099.09	3.10214	0.0034345	0.00242856	-1.30361
694	785	2102.19	3.10322	0.00515175	0.00297436	-0.652586
695	786	2105.29	3.10431	0.00171725	0.00171725	-2.57509
696	787	2108.4	3.10539	0.00858625	0.00383989	0.538811
697	788	2111.5	3.10647	0.00515175	0.00297436	-0.359969
698	789	2114.61	3.10756	0.0034345	0.00242856	-1.20494
699	790	2117.72	3.10864	0.00515175	0.00297436	-0.489743
700	791	2120.83	3.10972	0.00171725	0.00171725	-3.18355
701	792	2123.94	3.11081	0.0120208	0.00454342	1.23581
702	793	2127.05	3.11189	0.006869	0.0034345	0.0564189
703	794	2130.16	3.11297	0.0120208	0.00454342	1.02503
704	795	2133.27	3.11406	0.00858625	0.00383989	0.324859
705	796	2136.39	3.11514	0.006869	0.0034345	-0.326695
706	797	2139.5	3.11622	0.0034345	0.00242856	-1.58092
707	798	2142.62	3.11731	0.006869	0.0034345	0.0416177
708	799	2145.74	3.11839	0.0034345	0.00242856	-1.22011
709	800	2148.85	3.11947	0.006869	0.0034345	0.0416511
710	801	2151.97	3.12056	0.00858625	0.00383989	0.207289
711	802	2155.09	3.12164	0.013738	0.00485712	1.37855
712	803	2158.22	3.12273	0.00858625	0.00383989	0.479918
713	804	2161.34	3.12381	0.0034345	0.00242856	-1.67202
714	805	2164.46	3.12489	0.013738	0.00485712	1.22296
715	806	2167.59	3.12598	0.00515175	0.00297436	-0.902436
716	807	2170.71	3.12706	0.00515175	0.00297436	-0.88506
717	808	2173.84	3.12814	0.006869	0.0034345	-0.0824313
718	809	2176.97	3.12923	0.013738	0.00485712	1.22644
719	810	2180.1	3.13031	0.006869	0.0034345	-0.357123
720	811	2183.23	3.13139	0.00858625	0.00383989	0.105907
721	812	2186.36	3.13248	0.00515175	0.00297436	-0.852414
722	813	2189.49	3.13356	0.00171725	0.00171725	-3.29997
723	814	2192.62	3.13464	0.0120208	0.00454342	0.852996
724	815	2195.76	3.13573	0.0034345	0.00242856	-1.99532
725	816	2198.9	3.13681	0.006869	0.0034345	-0.288343
726	817	2202.03	3.13789	0.0103035	0.00420639	0.443279
727	818	2205.17	3.13898	0.0120208	0.00454342	0.896343
728	819	2208.31	3.14006	0.0154553	0.00515175	1.27488
729	820	2211.45	3.14114	0.013738	0.00485712	1.08696
730	821	2214.59	3.14223	0.006869	0.0034345	-0.395867
731	822	2217.73	3.14331	0.006869	0.0034345	-0.688328
732	823	2220.88	3.14439	0.00858625	0.00383989	0.119789
733	824	2224.02	3.14548	0.0034345	0.00242856	-2.55083
734	825	2227.17	3.14656	0.013738	0.00485712	1.00943
735	826	2230.31	3.14764	0.0103035	0.00420639	0.0487639
736	827	2233.46	3.14873	0.0103035	0.00420639	0.42325
737	828	2236.61	3.14981	0.00515175	0.00297436	-1.57141
738	829	2239.76	3.15089	0.0103035	0.00420639	0.0737629
739	830	2242.91	3.15198	0.006869	0.0034345	-0.550222
740	831	2246.06	3.15306	0.013738	0.00485712	0.800811
741	832	2249.21	3.15414	0.0120208	0.00454342	0.585223
742	833	2252.37	3.15523	0.0034345	0.00242856	-2.63545
743	834	2255.52	3.15631	0.0154553	0.00515175	1.13432
744	835	2258.68	3.15739	0.00858625	0.00383989	-0.412343
745	836	2261.84	3.15848	0.006869	0.0034345	-0.815212
746	837	2265	3.15956	0.006869	0.0034345	-0.798428
747	838	2268.16	3.16064	0.0103035	0.00420639	-0.178918
748	839	2271.32	3.16173	0.0171725	0.00543042	1.40438
749	840	2274.48	3.16281	0.0103035	0.00420639	-0.0362063
750	841	2277.64	3.16389	0.0120208	0.00454342	0.330074
751	842	2280.8	3.16498	0.00858625	0.00383989	-0.679337
752	843	2283.97	3.16606	0.0034345	0.00242856	-2.82007
753	844	2287.14	3.16714	0.0103035	0.00420639	-0.0390451
754	845	2290.3	3.16823	0.0120208	0.00454342	0.357768
755	846	2293.47	3.16931	0.013738	0.00485712	0.60577
756	847	2296.64	3.17039	0.00858625	0.00383989	-0.670815
757	848	2299.81	3.17148	0.0120208	0.00454342	0.33109
758	849	2302.98	3.17256	0.0034345	0.00242856	-3.33195
759	850	2306.15	3.17365	0.0171725	0.00543042	1.07333
760	851	2309.33	3.17473	0.0188898	0.00569547	1.49844
761	852	2312.5	3.17581	0.0034345	0.00242856	-3.0218
762	853	2315.68	3.1769	0.013738	0.00485712	0.533884
763	854	2318.86	3.17798	0.006869	0.0034345	-1.66813
764	855	2322.03	3.17906	0.0171725	0.00543042	1.12495
765	856	2325.21	3.18015	0.00171725	0.00171725	-5.2302
766	857	2328.39	3.18123	0.0171725	0.00543042	0.898319
767	858	2331.57	3.18231	0.0154553	0.00515175	0.895895
768	859	2334.76	3.1834	0.0154553	0.00515175	0.729708
769	860	2337.94	3.18448	0.00858625	0.00383989	-0.714814
770	861	2341.12	3.18556	0.0034345	0.00242856	-3.00526
771	862	2344.31	3.18665	0.006869	0.0034345	-1.30621
772	863	2347.5	3.18773	0.0120208	0.00454342	-0.148938
773	864	2350.68	3.18881	0.00858625	0.00383989	-0.883188
774	865	2353.87	3.1899	0.0120208	0.00454342	0.0826075
775	866	2357.06	3.19098	0.00858625	0.00383989	-1.09893
776	867	2360.25	3.19206	0.0120208	0.00454342	0.232741
777	868	2363.45	3.19315	0.0120208	0.00454342	-0.0071808
778	869	2366.64	3.19423	0.0171725	0.00543042	1.2747
779	870	2369.83	3.19531	0.00858625	0.00383989	-0.979701
780	871	2373.03	3.1964	0.0120208	0.00454342	0.263933
781	872	2376.23	3.19748	0.0034345	0.00242856	-3.29242
782	873	2379.42	3.19856	0.013738	0.00485712	0.394429
783	874	2382.62	3.19965	0.0120208	0.00454342	0.126117
784	875	2385.82	3.20073	0.0120208	0.00454342	0.0871441
785	876	2389.02	3.20181	0.0154553	0.00515175	0.589618
786	877	2392.22	3.2029	0.006869	0.0034345	-1.48512
787	878	2395.43	3.20398	0.006869	0.0034345	-1.24523
788	879	2398.63	3.20506	0.020607	0.00594873	1.51548
789	880	2401.84	3.20615	0.013738	0.00485712	0.553059
790	881	2405.04	3.20723	0.0120208	0.00454342	0.152875
791	882	2408.25	3.20831	0.013738	0.00485712	0.512871
792	883	2411.46	3.2094	0.0120208	0.00454342	0.120683
793	884	2414.67	3.21048	0.006869	0.0034345	-1.08392
794	885	2417.88	3.21156	0.0034345	0.00242856	-2.70263
795	886	2421.09	3.21265	0.006869	0.0034345	-1.0204
796	887	2424.3	3.21373	0.0171725	0.00543042	1.088
797	888	2427.51	3.21481	0.013738	0.00485712	0.731828
798	889	2430.73	3.2159	0.0120208	0.00454342	0.45841
799	890	2433.95	3.21698	0.0103035	0.00420639	0.00034616
800	891	2437.16	3.21806	0.006869	0.0034345	-1.17958
801	892	2440.38	3.21915	0.0103035	0.00420639	0.113318
802	893	2443.6	3.22023	0.013738	0.00485712	0.838586
803	894	2446.82	3.22131	0.00515175	0.00297436	-1.314
804	895	2450.04	3.2224	0.0154553	0.00515175	1.27676
805	896	2453.26	3.22348	0.013738	0.00485712	0.836048
806	897	2456.49	3.22457	0.00515175	0.00297436	-1.67415
807	898	2459.71	3.22565	0.0120208	0.00454342	0.615946
808	899	2462.94	3.22673	0.00858625	0.00383989	-0.0521695
809	900	2466.16	3.22782	0.0188898	0.00569547	1.77776
810	901	2469.39	3.2289	0.0120208	0.00454342	0.737966
811	902	2472.62	3.22998	0.0103035	0.00420639	0.430328
812	903	2475.85	3.23107	0.0034345	0.00242856	-1.89182
813	904	2479.08	3.23215	0.0103035	0.00420639	0.384344
814	905	2482.31	3.23323	0.00515175	0.00297436	-1.11478
815	906	2485.55	3.23432	0.006869	0.0034345	-0.442004
816	907	2488.78	3.2354	0.00858625	0.00383989	0.267661
817	908	2492.02	3.23648	0.006869	0.0034345	0.193887
818	909	2495.25	3.23757	0.006869	0.0034345	-0.27194
819	910	2498.49	3.23865	0.0034345	0.00242856	-1.08242
820	911	2501.73	3.23973	0.0120208	0.00454342	1.11008
821	912	2504.97	3.24082	0.0034345	0.00242856	-1.18139
822	913	2508.21	3.2419	0.0103035	0.00420639	1.09051
823	914	2511.45	3.24298	0.0034345	0.00242856	-1.0639
824	915	2514.69	3.24407	0.00171725	0.00171725	-2.47438
825	916	2517.94	3.24515	0.00515175	0.00297436	-0.22759
826	917	2521.18	3.24623	0.00515175	0.00297436	-0.035551
827	918	2524.43	3.24732	0.00515175	0.00297436	-0.0437378
828	919	2527.68	3.2484	0.00515175	0.00297436	-0.265163
829	920	2530.93	3.24948	0.0034345	0.00242856	-0.480011
830	921	2534.18	3.25057	0.0034345	0.00242856	-0.45444
831	922	2537.43	3.25165	0.0034345	0.00242856	-0.752455
832	923	2540.68	3.25273	0.0034345	0.00242856	-0.933782
833	924	2543.93	3.25382	0.00515175	0.00297436	0.0923791
834	925	2547.18	3.2549	0.0103035	0.00420639	1.31987
835	926	2550.44	3.25598	0.0034345	0.00242856	-0.675372
836	927	2553.7	3.25707	0		0		0
837	928	2556.95	3.25815	0.00171725	0.00171725	-1.23109
838	929	2560.21	3.25923	0.0034345	0.00242856	-0.178085
839	930	2563.47	3.26032	0.006869	0.0034345	0.935305
840	931	2566.73	3.2614	0.0034345	0.00242856	-0.420305
841	932	2569.99	3.26248	0.00171725	0.00171725	-0.606893
842	933	2573.25	3.26357	0.0034345	0.00242856	0.110284
843	934	2576.52	3.26465	0.0034345	0.00242856	-0.0235167
844	935	2579.78	3.26573	0.0034345	0.00242856	0.0800997
845	936	2583.05	3.26682	0.00171725	0.00171725	-0.945198
846	937	2586.31	3.2679	0.00515175	0.00297436	0.589644
847	938	2589.58	3.26898	0.00515175	0.00297436	0.815468
848	939	2592.85	3.27007	0.00515175	0.00297436	0.76303
849	940	2596.12	3.27115	0.0034345	0.00242856	0.322595
850	941	2599.39	3.27223	0.00515175	0.00297436	0.898489
851	942	2602.67	3.27332	0.006869	0.0034345	1.3366
852	943	2605.94	3.2744	0.0034345	0.00242856	0.579452
853	944	2609.21	3.27549	0		0		0
854	945	2612.49	3.27657	0.00171725	0.00171725	-0.373303
855	946	2615.76	3.27765	0		0		0
856	947	2619.04	3.27874	0.0034345	0.00242856	0.580718
857	948	2622.32	3.27982	0.0034345	0.00242856	0.570866
858	949	2625.6	3.2809	0.00171725	0.00171725	0.045619
859	950	2628.88	3.28199	0.0034345	0.00242856	0.730676
